3
1
0
1 10
16 9
17 9
21 9
22 9
23 6
24 6
22 9
23 9
1111111111111111111111111111111111111111111111111
1102020202020202020202020111020202020202020202011
1131111111011111111111110111011111111111110111311
1101111111211111111111110111011111111111110111011
1120202020202020202020202020202020202020202020211
1101111111211101111111111111111111111111110111111
1121111111011120000000000111202020202020202111111
1102020202011111111111110111011111111111111111111
1111111111211111111111110111211111111111111111111
1111111111011100000000000000020202020202020111111
2220202020211101111111111111111111111101112020202
1111111111011101111111222222222111111101110111111
1111111111211101111111222222222111111101112111111
1102020202000001111111222222222111111101110111111
1121111111211101111111111111111111111101112111111
1102020111020202020202020202020202020202020202011
1111110111211101111111111111111111111101112111211
1100000000011100000000011111100000000001110200011
1101111111111111111111011111101111111111111111211
1131111111111111111111011111101111111111111111311
1100000000000000000000000000000000000000000000011
1111111111111111111111111111111111111111111111111
